90 100

3 3 1
4 4 1
5 1 4 1
6 3 5 4 1
7 8 6 5 4 1
9 11 9 2 4 1
10 15 17 1 5 1
3 26 17 5 1
4 18 8 20 4 1
4 18 7 24 4 1
5 17 7 19 4 1
6 15 7 23 3 1
2 3 15 24 6 5
2 3 13 2 4 9 3 4 5
2 4 13 2 3 8 1 1 4 4
2 3 39 3 4 4
2 4 15 1 12 2 3 4
3 4 12 8 2 3 4
3 4 9 4 6 5 4
3 3 8 10 4 1 4 4
3 3 6 9 3 3 1 5 3 1
4 4 6 10 3 2 6 3 1
5 3 7 3 10 2 15 3 1
5 3 9 6 4 4 5 4 1
6 2 11 16 14 2 2 1
6 2 12 6 3 4 6 7 1
7 2 20 1 8 10 3 1 1 1
2 4 2 6 12 2 7 5 7 4 1
2 4 2 7 9 3 16 1 1 1 2
2 4 2 6 9 3 12 2 5 3
2 4 2 7 4 4 5 33 6
3 4 6 4 2 9 42
3 4 5 8 5 4 7 1
3 4 5 10 6 8 1
4 4 4 5 5 10 7 1
4 5 4 4 3 2 13 5 3 1
4 3 4 7 6 12 6 3 1
4 3 3 10 3 5 6 8 4 1
5 2 3 12 4 6 8 4 1
5 2 17 5 6 10 4 1
5 3 21 6 10 4 1
5 5 7 9 18 4 1
6 2 3 6 2 3 13 3 1
6 1 2 7 3 2 8 4 1
7 2 2 2 4 2 4 5 4 1
7 1 4 2 5 2 4 5 4 1
7 1 3 2 5 1 5 3 4 1
3 3 2 6 7 7 3 4 1
3 4 2 4 3 5 4 3 3 5 1
3 3 1 2 3 3 3 3 7 2 4 2
3 4 2 2 3 3 4 3 2 3 3 5 3
2 3 1 2 3 2 4 2 10 5
2 3 1 2 3 2 3 8 9 7
2 3 1 2 3 2 2 10 10 4 3
2 2 1 2 4 2 13 6 2 3 3
2 3 2 2 6 2 3 5 3 3 4
2 2 1 2 7 2 1 2 8 2 1
2 1 2 3 8 2 2 1 5 2 1
1 2 2 9 3 3 3 2 1
1 6 6 10 14 3 2 3 1
1 3 6 18 16 4 8 1
4 5 10 21 3 3 8 1
4 1 2 3 22 2 4 11 1
3 12 4 13 6 2 4 4 7 1
3 13 4 14 6 2 5 5 7 1
4 16 19 4 1 7 6 8 1
7 1 5 3 15 8 12 10
6 1 9 15 7 13 9
6 1 10 16 7 5 8 9
6 1 10 15 3 2 4 9 6 1
6 1 4 3 17 3 2 4 8 3 1
1 5 1 5 3 18 2 7 9 3 1
1 5 2 5 3 20 2 4 6 3 4 1
1 7 7 3 20 2 4 5 3 3 1
1 4 1 6 25 4 2 6 5 2
1 3 1 3 3 21 3 2 6 3 3
1 3 1 4 21 3 2 5 3 2 2
1 4 1 4 22 4 1 2 3 3 2 2
1 7 4 26 2 1 3 3 3 3
1 10 4 25 4 2 16
1 6 3 4 60
10 22 4 59
1 4 3 4 21 6 16
1 4 3 5 17 8 5 9
1 9 5 12 15 7
1 9 5 11 14 9
1 8 4 11 17 7
1 7 4 1 9 21 5
1 7 7 1 8 4 19 5
15 9 7 5 24

90 
58 10 1 1 
12 10 20 15 1 1 
6 5 6 13 4 13 1 1 
6 5 7 11 2 13 1 1 
6 6 7 9 1 17 1 
6 5 6 10 1 4 3 7 1 
5 5 7 8 1 3 1 8 1 
6 4 7 7 2 3 14 1 
5 6 6 3 2 3 12 
5 6 6 2 3 3 6 
7 5 4 2 3 1 6 
10 1 3 1 2 7 3 1 6 
11 3 2 6 9 11 
13 4 1 4 1 10 11 
15 3 5 1 3 3 9 
17 1 3 4 9 3 1 
20 2 18 4 1 
22 2 2 4 3 2 3 5 1 
23 2 2 2 2 2 5 1 
24 2 5 2 10 1 
25 2 6 2 8 1 
16 10 1 2 3 7 5 1 
4 10 10 2 2 15 3 1 
4 3 4 9 2 1 15 3 1 
3 2 3 10 2 2 18 1 
4 4 1 10 2 2 7 7 1 
3 3 2 3 8 2 2 8 7 1 
4 1 3 4 7 2 2 10 6 1 
4 2 3 3 6 3 2 10 6 1 
4 1 4 4 7 4 2 10 4 1 
4 1 3 3 5 7 2 10 4 1 
4 1 3 3 13 1 9 3 4 1 
3 1 4 3 9 2 15 3 1 
3 1 4 3 13 2 14 4 1 
3 1 2 2 19 2 15 4 
3 1 2 2 19 1 16 4 
4 1 1 20 3 17 4 
1 4 1 1 11 6 2 1 18 4 1 
1 1 3 2 6 1 2 6 2 3 2 20 4 2 
1 1 2 2 1 4 1 9 2 2 2 22 4 3 
1 2 3 2 5 8 4 2 2 2 5 18 7 
1 2 7 4 7 5 1 2 1 9 25 
1 12 4 4 2 7 2 2 2 8 17 6 
1 13 6 1 2 5 2 1 2 5 16 2 2 
1 13 2 1 2 4 5 3 6 16 2 
16 4 2 2 3 6 3 6 16 1 1 
16 3 2 2 2 6 3 6 15 1 
17 2 2 2 7 1 3 2 3 14 1 
16 2 2 1 6 2 3 2 2 17 
2 8 2 2 1 2 2 5 6 2 2 18 
1 10 4 1 1 4 6 3 2 18 
11 1 3 2 6 10 4 17 
11 1 3 2 5 5 4 16 
10 3 1 3 1 4 3 5 16 
1 7 2 3 1 1 5 2 5 15 
8 3 1 2 4 2 3 2 14 
1 6 6 1 2 5 5 2 12 
7 6 4 6 4 2 10 
7 3 1 3 8 2 2 8 
12 1 14 2 11 
10 1 7 6 2 10 
7 1 7 6 12 
2 1 2 5 6 3 5 
3 5 5 4 2 
3 4 5 2 2 2 
2 4 4 3 2 2 
2 4 4 3 2 3 
2 4 3 3 6 
1 4 4 3 3 4 1 
1 4 5 2 3 4 2 
1 5 5 2 4 10 
1 2 2 6 2 3 10 
1 1 2 7 3 3 10 
1 2 2 4 4 2 6 8 
4 2 3 2 2 6 9 
3 2 4 2 2 10 2 7 
2 2 4 2 2 12 2 7 
2 2 3 4 3 10 2 7 
2 2 4 4 2 13 2 6 
2 2 4 3 2 17 6 
1 1 2 4 3 3 3 9 3 6 
2 2 2 4 5 2 2 3 4 2 6 
2 2 2 4 2 2 2 3 3 4 2 7 
2 1 2 4 3 2 3 4 3 13 
2 1 2 4 3 4 3 3 7 4 
2 1 2 4 2 3 3 3 5 4 
3 6 4 3 2 3 3 5 4 
2 2 3 4 3 2 3 4 4 3 
3 2 2 4 3 2 5 3 7 3 
3 2 2 3 4 2 8 2 6 3 
2 3 6 6 2 10 3 6 1 3 
3 1 5 18 3 13 5 1 2 
3 2 1 1 1 16 3 13 9 2 
5 5 1 5 11 3 3 9 10 1 
7 3 10 5 3 3 7 14 
15 4 2 3 6 2 11 
12 4 7 4 1 12 
8 4 7 3 16 
75 14