50 35

9
5 2 4
4 1 3
3 1 1 1 1 1 2
1 1 3 2 1 1 2
3 1 2 7 4 3
2 17 1 2
2 2 17 2 1
2 19 2 1
1 11 10 1 1
12 2 3
2 7 4
1 7 2
2 8 1
1 8 1
2 10 1
1 2 9 1
1 1 9 6 1
1 2 6 11 1
1 1 7 20
1 1 7 23
1 1 1 21 7
2 2 20 7
1 1 20 6
1 4 7 5
1 2 2 3 1 4
1 1 1 1 4 3
1 3 6 1
1 3 2 1
3 2 1
1 2 3 1
1 1 7 1
1 1 2 2 1 2
1 3 1 4 3
1 2 5 2
1 6 2 1
1 5 3 1
1 2 11 3 1
1 2 17 1
3 1 2 16 2
1 3 2 14 1
1 1 4 2 11 2
1 2 1 2 11 2
1 3 1 2 9 1
3 5 3 7 1
5 6 4 6 1
24 1
13 10 1
1 12 11 2
28 2

8 5
3 3 4 1
3 2 2 2 7
3 2 2 2 4 4 6
1 1 3 2 3 2 1 2 1 5
2 1 6 2 1 4 7 2 4
2 15 3 1 1 1 8
2 16 3 1 1 7
2 16 1 2 3 7
1 1 19 4 1 2 6
1 20 2 2 1 7
2 12 3 2 2 2 5
1 7 3 4 3 2 3 4
1 5 1 4 4 2 4 2
10 5 5 2 4 1
1 5 5 6 1 5
1 4 6 7 5
2 5 6 8 4
2 6 7 14
1 5 8 14
1 4 8 14
2 5 9 13
2 6 9 1 13
1 8 9 1 12
1 4 8 1 2 6 2
2 5 6 1 1 2 4 3 2
1 7 4 2 1 3 5 1 1 1
1 5 2 2 2 2 4 1 2
7 2 4 3 2 2 4 1 1
1 2 5 4 2 2 2 1 1
2 3 1 6 2 1 1
6 3 8 2 2
2 8 9 8
2 2 10 6
4 6 